#         Fichier   des       frontièresliquides  transitoires		
#         Généré    le              7/02/2019		
T         Q(2)  Q(1)		
s         m3/s		
0	49.4082808	15.74
3600	49.77660664	15.74
7200	50.03969652	15.94
10800	50.35540439	16.209
14400	50.93420214	15.907
18000	50.67111225	15.74
21600	50.77634821	16.345
25200	51.14467405	16.447
28800	51.14467405	16.618
32400	51.14467405	16.447
36000	50.98682012	16.311
39600	51.35514596	16.721
43200	51.51299989	16.963
46800	50.14493248	17.032
50400	51.51299989	16.618
54000	51.61823585	16.481
57600	51.93394371	17.032
61200	52.14441562	17.102
64800	52.51274146	17.558
68400	52.56535944	17.171
72000	52.61797742	17.629
75600	53.14415719	18.238
79200	53.67033697	18.712
82800	54.19651674	18.638
86400	56.30123584	19.007
90000	58.40595493	19.984
93600	60.51067403	21.425
97200	62.08921335	21.306
100800	63.66775268	22.066
104400	66.29865155	22.227
108000	69.45573019	24.31
111600	73.13898861	23.506
115200	75.24370771	25.479
118800	76.82224703	24.31
122400	78.92696613	24.783
126000	76.29606726	24.826
129600	81.557865	24.826
133200	81.03168522	24.913
136800	83.13640432	25.788
140400	87.87202229	25.523
144000	91.55528071	25.744
147600	95.7647189	33.279
151200	97.869438	25.965
154800	96.29089868	32.616
158400	96.29089868	33.845
162000	99.97415709	29.947
165600	105.2359548	27.135
169200	104.7097751	27.317
172800	111.5501121	27.869
176400	124.7046065	30.237
180000	131.5449435	27.501
183600	134.1758424	33.638
187200	130.492584	32.515
190800	126.8093256	32.515
194400	122.0737076	30.334
198000	117.3380896	30.14
201600	114.7071908	30.432
205200	110.4977526	32.769
208800	106.2883144	30.773
212400	102.0788762	27.135
216000	98.92179755	25.877
219600	96.81707845	25.877
223200	93.6599998	26.366
226800	91.02910093	25.086
230400	89.97674139	24.524
234000	86.81966274	23.548
237600	84.71494364	23.548
241200	84.71494364	23.09
244800	86.81966274	23.59
248400	85.76730319	23.758
252000	84.18876387	23.632
255600	82.61022455	23.048
259200	81.557865	23.131
262800	79.97932568	23.007
266400	78.92696613	22.883
270000	77.87460658	22.677
273600	76.82224703	21.985
277200	75.76988748	21.784
280800	74.71752793	21.306
284400	73.13898861	21.266
288000	72.61280884	20.912
291600	71.03426951	20.061
295200	71.03426951	20.214
298800	69.98190997	20.099
302400	68.40337064	19.455
306000	68.92955042	19.643
309600	69.45573019	19.643
313200	68.40337064	18.97
316800	71.03426951	19.081
320400	71.03426951	18.638
324000	74.19134816	19.756
327600	79.4531459	20.6
331200	80.50550545	22.066
334800	83.13640432	22.594
338400	91.55528071	23.09
342000	99.97415709	25.523
345600	107.8668537	26.591
349200	115.2333705	27.409
352800	121.5475278	27.776
356400	125.756966	29.134
360000	131.0187638	29.61
363600	137.8591008	32.515
367200	144.6994379	30.921
370800	150.4874154	32.769
374400	153.6444941	33.69
378000	157.3277525	30.286
381600	162.5895502	30.529
385200	167.851348	33.125
388800	171.5346064	36.007
392400	174.691685	34.89
396000	169.9560671	32.414
399600	168.3775277	33.69
403200	165.7466289	36.816
406800	161.5371907	34.417
410400	157.8539323	33.793
414000	153.6444941	30.334
417600	149.4350559	29.372
421200	146.804157	27.181
424800	145.2256177	26.546
428400	144.1732581	26.546
432000	140.4899997	25.921
435600	137.3329211	26.817
439200	134.7020222	26.546
442800	131.5449435	24.353
446400	127.3355054	25.877
450000	125.756966	24.61
453600	123.1260672	24.139
457200	119.4428087	24.224
460800	116.2857301	23.464
464400	114.7071908	25.13
468000	112.0762919	24.224
471600	109.445393	23.842
475200	108.3930335	23.38
478800	106.2883144	22.965
482400	101.5526964	21.824
486000	99.97415709	21.03
489600	98.39561777	21.664
493200	95.7647189	20.873
496800	94.18617958	20.912
500400	93.6599998	22.227
504000	92.60764026	20.834
507600	93.13382003	21.306
511200	94.18617958	21.584
514800	93.6599998	22.677
518400	92.60764026	22.227
522000	92.60764026	21.345
525600	90.50292116	20.873
529200	89.97674139	21.505
532800	88.92438184	21.824
536400	88.39820206	21.744
540000	86.81966274	21.465
543600	86.29348297	21.306
547200	84.71494364	21.345
550800	84.18876387	21.624
554400	82.61022455	20.912
558000	78.92696613	20.329
561600	76.29606726	20.329
565200	74.71752793	20.023
568800	78.40078635	19.193
572400	77.87460658	18.859
576000	76.29606726	19.119
579600	75.76988748	18.638
583200	75.76988748	19.643
586800	74.19134816	19.342
590400	73.66516839	19.53
594000	73.13898861	19.794
597600	73.13898861	20.291
601200	73.13898861	20.023
604800	73.13898861	19.492
608400	72.08662906	19.417
612000	71.56044929	19.756
615600	72.08662906	20.175
619200	72.08662906	19.984
622800	71.03426951	19.794
626400	70.50808974	19.38
630000	70.50808974	19.681
633600	69.98190997	19.119
637200	69.45573019	18.97
640800	67.87719087	18.638
644400	67.3510111	19.044
648000	66.82483132	18.859
651600	66.29865155	18.202
655200	64.19393245	18.383
658800	66.29865155	18.565
662400	63.66775268	18.346
666000	63.66775268	18.565
669600	63.1415729	18.456
673200	63.66775268	17.914
676800	63.66775268	18.383
680400	64.19393245	18.675
684000	64.19393245	19.492
687600	64.19393245	19.53
691200	65.246292	19.53
694800	65.246292	20.252
698400	65.246292	19.908
702000	65.77247177	20.407
705600	65.246292	20.329
709200	65.246292	20.329
712800	64.19393245	19.681
716400	63.66775268	19.38
720000	63.1415729	19.342
723600	62.61539313	19.455
727200	62.08921335	19.119
730800	62.08921335	18.896
734400	61.03685381	18.823
738000	59.98449426	18.859
741600	58.93213471	18.456
745200	58.93213471	18.565
748800	58.40595493	17.629
752400	57.87977516	17.7
756000	56.82741561	17.7
759600	56.30123584	18.274
763200	55.77505606	17.523
766800	54.72269651	18.022
770400	55.77505606	17.593
774000	57.87977516	18.456
777600	58.40595493	18.565
781200	58.40595493	18.675
784800	58.40595493	19.081
788400	58.93213471	18.456
792000	58.93213471	18.675
795600	58.40595493	18.565
799200	58.40595493	18.675
802800	57.87977516	18.456
806400	57.35359539	18.238
810000	56.82741561	17.843
813600	56.82741561	18.058
817200	55.77505606	17.914
820800	54.19651674	17.879
824400	54.72269651	17.914
828000	54.19651674	17.593
831600	53.67033697	17.593
835200	52.61797742	17.452
838800	52.24965158	17.382
842400	52.14441562	17.311
846000	52.51274146	17.452
849600	52.61797742	17.664
853200	53.14415719	17.843
856800	53.67033697	18.202
860400	54.19651674	17.986
864000	55.24887629	18.675
867600	54.72269651	18.97